1205 4.94 5.00
1607 4.75 5.00
2010 4.56 5.00
2412 4.38 5.00
2813 4.20 5.00
3216 4.04 5.00
3618 3.88 5.00
4021 3.73 5.00
4422 3.58 5.00
4825 3.44 5.00
5227 3.30 5.00
5629 3.17 5.00
6031 3.05 5.00
6433 2.93 5.00
6836 2.81 5.00
7238 2.70 5.00
7641 2.60 5.00
8042 2.49 5.00
8444 2.39 5.00
8847 2.30 5.00
9249 2.21 5.00
9651 2.12 5.00
10053 2.04 5.00
10456 1.96 5.00
10858 1.88 5.00
11260 1.81 5.00
11663 1.74 5.00
12065 1.67 5.00
12468 1.60 5.00
12869 1.54 5.00
13272 1.48 5.00
13674 1.42 5.00
14076 1.36 5.00
14479 1.31 5.00
14881 1.26 5.00
15284 1.21 5.00
15686 1.16 5.00
16088 1.11 5.00
16490 1.07 5.00
16892 1.03 5.00
17295 0.99 5.00
17697 0.95 5.00
18100 0.91 5.00
18502 0.87 5.00
18905 0.84 5.00
19307 0.81 5.00
19708 0.78 5.00
20111 0.75 5.00
20513 0.72 5.00
20916 0.69 5.00
21318 0.66 5.00
21721 0.64 5.00
22123 0.61 5.00
22525 0.59 5.00
22927 0.56 5.00
